0 -24.52 81.12 6748.89
1 -0.13 81.12 6668
2 24.23 81.01 6668
3 -48.88 55.8 6748.9
4 -24.49 55.8 6756.84
5 -0.1 55.8 6668
6 24.23 55.7 6668
7 48.67 55.59 6667.6
8 -73.24 30.48 6717.17
9 -48.85 30.48 6723.93
10 -24.46 30.48 6727.99
11 -0.08 30.48 6668
12 24.23 30.38 6668
13 48.67 30.27 6650.1
14 73.11 30.16 6613.82
15 -73.21 5.16 6714.68
16 -48.82 5.16 6719.05
17 -24.44 5.16 6724.79
18 -0.05 5.16 6668
19 24.23 5.06 6668
20 48.67 4.95 6644.39
21 73.11 4.85 6610.05
22 -73.21 -20.15 6711.51
23 -48.82 -20.15 6715.62
24 -24.44 -20.15 6719.83
25 -0.05 -20.15 6722.89
26 24.23 -20.26 6668
27 48.67 -20.37 6638.06
28 73.11 -20.47 6607.88
29 -48.82 -45.47 6713.44
30 -24.44 -45.47 6714.04
31 -0.05 -45.47 6718.4
32 24.23 -45.58 6668
33 48.67 -45.69 6638.81
34 -24.44 -70.79 6715.38
35 -0.05 -70.79 6714.41
36 24.23 -70.9 6668
37 24.23 -70.9 6668
After Inverse Dist Interpolate:
6788.18
6788.11
6788.05
6787.98
6787.91
6787.84
6787.78
6787.71
6787.65
6787.58
6787.52
6787.45
6787.39
6787.33
6787.27
6787.21
6787.14
6787.08
6787.02
6786.96
6786.91
6786.85
6786.79
6786.73
6786.67
6786.62
6786.56
 6786.5
6786.45
6786.39
6786.34
6786.28
6786.23
6786.17
6786.11
6786.06
   6786
6785.95
6785.89
6785.84
6785.78
6785.72
6785.66
6785.61
6785.55
6785.49
6785.43
6785.36
 6785.3
6785.24
6785.17
 6785.1
6785.03
6784.96
6784.89
6784.82
6784.74
6784.66
6784.57
6784.49
 6784.4
6784.31
6784.21
6784.11
   6784
6783.89
6783.78
6783.66
6783.53
 6783.4
6783.26
6783.12
6782.96
 6782.8
6782.64
6782.46
6782.27
6782.08
6781.87
6781.66
6781.43
6781.19
6780.94
6780.67
6780.39
 6780.1
 6779.8
6779.47
6779.14
6778.78
6778.41
6778.02
6777.62
6777.19
6776.75
6776.29
6775.81
6775.31
6774.79
6774.26
 6773.7
6773.12
6772.53
6771.91
6771.28
6770.63
6769.96
6769.28
6768.58
6767.86
6767.13
6766.38
6765.62
6764.85
6764.07
6763.27
6762.46
6761.65
6760.82
6759.99
6759.15
6758.31
6757.45
 6756.6
6755.74
6754.87
6754.01
6753.14
6752.27
 6751.4
6750.53
6749.65
6748.78
6747.92
6747.05
6746.19
6745.32
6744.47
6743.61
6742.76
6741.91
6741.07
6740.24
 6739.4
6738.58
6737.76
6736.94
6736.14
6735.33
6734.54
6733.75
6732.97
 6732.2
6731.43
6730.67
6729.92
6729.17
6728.44
6727.71
6726.99
6726.27
6725.57
6724.87
6724.18
 6723.5
6722.83
6722.16
 6721.5
6720.85
6720.21
6719.58
6718.95
6718.34
6717.73
6717.13
6716.54
6715.95
6715.37
 6714.8
6714.24
6713.69
6713.14
6712.61
6712.08
6711.55
6711.04
6710.53
6710.03
6709.54
6709.05
6708.57
 6708.1
6707.64
6707.18
6706.73
6706.28
6705.85
6705.42
6704.99
6704.58
6788.25
6788.18
6788.11
6788.04
6787.98
6787.91
6787.84
6787.78
6787.71
6787.65
6787.59
6787.52
6787.46
 6787.4
6787.34
6787.28
6787.22
6787.16
 6787.1
6787.04
6786.99
6786.93
6786.87
6786.82
6786.76
6786.71
6786.65
 6786.6
6786.54
6786.49
6786.43
6786.38
6786.33
6786.27
6786.22
6786.17
6786.11
6786.06
6786.01
6785.95
 6785.9
6785.85
6785.79
6785.74
6785.68
6785.62
6785.57
6785.51
6785.45
6785.39
6785.33
6785.26
 6785.2
6785.13
6785.06
6784.99
6784.92
6784.84
6784.77
6784.68
 6784.6
6784.51
6784.42
6784.32
6784.23
6784.12
6784.01
 6783.9
6783.78
6783.65
6783.52
6783.38
6783.23
6783.08
6782.92
6782.75
6782.57
6782.38
6782.18
6781.97
6781.75
6781.51
6781.27
6781.01
6780.74
6780.45
6780.15
6779.83
 6779.5
6779.15
6778.78
6778.39
6777.99
6777.57
6777.12
6776.66
6776.18
6775.68
6775.16
6774.62
6774.06
6773.47
6772.87
6772.25
6771.61
6770.95
6770.28
6769.58
6768.87
6768.14
 6767.4
6766.64
6765.87
6765.08
6764.28
6763.47
6762.65
6761.82
6760.98
6760.14
6759.28
6758.42
6757.56
6756.69
6755.81
6754.94
6754.06
6753.17
6752.29
6751.41
6750.52
6749.64
6748.76
6747.87
   6747
6746.12
6745.25
6744.38
6743.51
6742.65
6741.79
6740.94
 6740.1
6739.26
6738.42
6737.59
6736.77
6735.95
6735.14
6734.34
6733.55
6732.76
6731.98
 6731.2
6730.44
6729.68
6728.93
6728.19
6727.45
6726.73
6726.01
 6725.3
 6724.6
 6723.9
6723.22
6722.54
6721.87
6721.21
6720.56
6719.92
6719.28
6718.65
6718.03
6717.42
6716.82
6716.22
6715.64
6715.06
6714.49
6713.92
6713.37
6712.82
6712.28
6711.75
6711.23
6710.71
 6710.2
 6709.7
6709.21
6708.72
6708.25
6707.77
6707.31
6706.85
 6706.4
6705.96
6705.52
6705.09
6704.67
6704.25
6788.31
6788.24
6788.17
 6788.1
6788.04
6787.97
6787.91
6787.84
6787.78
6787.72
6787.65
6787.59
6787.53
6787.47
6787.41
6787.35
6787.29
6787.24
6787.18
6787.12
6787.06
6787.01
6786.95
 6786.9
6786.84
6786.79
6786.74
6786.68
6786.63
6786.58
6786.53
6786.48
6786.43
6786.37
6786.32
6786.27
6786.22
6786.17
6786.12
6786.07
6786.02
6785.97
6785.92
6785.86
6785.81
6785.76
 6785.7
6785.65
6785.59
6785.54
6785.48
6785.42
6785.36
 6785.3
6785.23
6785.17
 6785.1
6785.03
6784.95
6784.88
 6784.8
6784.72
6784.63
6784.54
6784.45
6784.35
6784.24
6784.14
6784.02
 6783.9
6783.78
6783.64
 6783.5
6783.36
 6783.2
6783.04
6782.86
6782.68
6782.49
6782.29
6782.07
6781.84
 6781.6
6781.35
6781.08
 6780.8
 6780.5
6780.19
6779.86
6779.51
6779.15
6778.77
6778.36
6777.94
 6777.5
6777.04
6776.56
6776.05
6775.53
6774.99
6774.42
6773.83
6773.22
 6772.6
6771.95
6771.28
6770.59
6769.89
6769.17
6768.43
6767.67
 6766.9
6766.11
6765.31
 6764.5
6763.68
6762.84
   6762
6761.15
6760.28
6759.42
6758.54
6757.66
6756.78
6755.89
6754.99
 6754.1
 6753.2
6752.31
6751.41
6750.51
6749.62
6748.72
6747.83
6746.94
6746.05
6745.16
6744.28
6743.41
6742.54
6741.67
6740.81
6739.95
 6739.1
6738.26
6737.42
6736.59
6735.76
6734.95
6734.14
6733.33
6732.54
6731.75
6730.97
 6730.2
6729.44
6728.68
6727.93
6727.19
6726.46
6725.74
6725.02
6724.32
6723.62
6722.93
6722.25
6721.58
6720.91
6720.26
6719.61
6718.97
6718.34
6717.72
6717.11
 6716.5
6715.91
6715.32
6714.74
6714.17
 6713.6
6713.05
 6712.5
6711.96
6711.43
 6710.9
6710.38
6709.88
6709.37
6708.88
6708.39
6707.92
6707.44
6706.98
6706.52
6706.07
6705.63
6705.19
6704.77
6704.34
6703.93
6788.37
 6788.3
6788.23
6788.17
 6788.1
6788.03
6787.97
6787.91
6787.84
6787.78
6787.72
6787.66
 6787.6
6787.54
6787.48
6787.42
6787.36
6787.31
6787.25
 6787.2
6787.14
6787.09
6787.03
6786.98
6786.93
6786.87
6786.82
6786.77
6786.72
6786.67
6786.62
6786.57
6786.52
6786.47
6786.42
6786.38
6786.33
6786.28
6786.23
6786.18
6786.13
6786.09
6786.04
6785.99
6785.94
6785.89
6785.84
6785.79
6785.74
6785.68
6785.63
6785.57
6785.52
6785.46
 6785.4
6785.34
6785.27
6785.21
6785.14
6785.07
6784.99
6784.92
6784.84
6784.75
6784.66
6784.57
6784.47
6784.37
6784.26
6784.15
6784.03
6783.91
6783.77
6783.63
6783.48
6783.33
6783.16
6782.98
 6782.8
 6782.6
6782.39
6782.17
6781.94
6781.69
6781.43
6781.16
6780.86
6780.56
6780.23
6779.89
6779.53
6779.15
6778.75
6778.33
6777.89
6777.43
6776.94
6776.44
6775.91
6775.36
6774.79
 6774.2
6773.58
6772.95
6772.29
6771.61
6770.92
 6770.2
6769.47
6768.72
6767.95
6767.16
6766.36
6765.55
6764.72
6763.88
6763.03
6762.18
6761.31
6760.43
6759.55
6758.66
6757.76
6756.86
6755.96
6755.05
6754.14
6753.23
6752.32
6751.41
 6750.5
6749.59
6748.68
6747.77
6746.87
6745.97
6745.08
6744.18
 6743.3
6742.41
6741.54
6740.66
 6739.8
6738.94
6738.09
6737.24
 6736.4
6735.57
6734.74
6733.93
6733.12
6732.31
6731.52
6730.73
6729.95
6729.18
6728.42
6727.67
6726.93
6726.19
6725.46
6724.74
6724.03
6723.33
6722.64
6721.95
6721.28
6720.61
6719.95
 6719.3
6718.66
6718.03
6717.41
6716.79
6716.18
6715.58
6714.99
6714.41
6713.84
6713.27
6712.72
6712.17
6711.63
6711.09
6710.57
6710.05
6709.54
6709.04
6708.55
6708.06
6707.58
6707.11
6706.65
6706.19
6705.74
 6705.3
6704.86
6704.43
6704.01
 6703.6
6788.42
6788.36
6788.29
6788.22
6788.16
 6788.1
6788.03
6787.97
6787.91
6787.84
6787.78
6787.72
6787.66
6787.61
6787.55
6787.49
6787.43
6787.38
6787.32
6787.27
6787.21
6787.16
6787.11
6787.06
   6787
6786.95
 6786.9
6786.85
6786.81
6786.76
6786.71
6786.66
6786.61
6786.57
6786.52
6786.48
6786.43
6786.38
6786.34
6786.29
6786.25
 6786.2
6786.16
6786.11
6786.06
6786.02
6785.97
6785.92
6785.87
6785.82
6785.77
6785.72
6785.67
6785.62
6785.56
 6785.5
6785.45
6785.38
6785.32
6785.25
6785.19
6785.11
6785.04
6784.96
6784.88
6784.79
 6784.7
6784.61
 6784.5
 6784.4
6784.29
6784.17
6784.04
6783.91
6783.77
6783.62
6783.46
6783.29
6783.11
6782.92
6782.72
6782.51
6782.28
6782.04
6781.78
6781.51
6781.23
6780.93
6780.61
6780.27
6779.91
6779.53
6779.14
6778.72
6778.28
6777.82
6777.33
6776.83
 6776.3
6775.75
6775.17
6774.57
6773.95
6773.31
6772.64
6771.96
6771.25
6770.52
6769.77
6769.01
6768.23
6767.43
6766.61
6765.79
6764.95
6764.09
6763.23
6762.35
6761.47
6760.58
6759.68
6758.77
6757.86
6756.94
6756.02
 6755.1
6754.18
6753.25
6752.33
 6751.4
6750.48
6749.55
6748.63
6747.72
 6746.8
6745.89
6744.98
6744.08
6743.18
6742.28
 6741.4
6740.52
6739.64
6738.77
6737.91
6737.05
6736.21
6735.36
6734.53
6733.71
6732.89
6732.08
6731.28
6730.49
 6729.7
6728.93
6728.16
 6727.4
6726.65
6725.91
6725.18
6724.46
6723.74
6723.04
6722.34
6721.65
6720.97
 6720.3
6719.64
6718.99
6718.34
6717.71
6717.08
6716.47
6715.86
6715.26
6714.66
6714.08
6713.51
6712.94
6712.38
6711.83
6711.29
6710.76
6710.23
6709.71
 6709.2
 6708.7
6708.21
6707.72
6707.24
6706.77
6706.31
6705.85
 6705.4
6704.96
6704.53
 6704.1
6703.68
6703.27
6788.48
6788.41
6788.35
6788.28
6788.22
6788.15
6788.09
6788.03
6787.97
6787.91
6787.84
6787.79
6787.73
6787.67
6787.61
6787.56
 6787.5
6787.44
6787.39
6787.34
6787.28
6787.23
6787.18
6787.13
6787.08
6787.03
6786.98
6786.94
6786.89
6786.84
 6786.8
6786.75
 6786.7
6786.66
6786.62
6786.57
6786.53
6786.49
6786.44
 6786.4
6786.36
6786.31
6786.27
6786.23
6786.19
6786.14
 6786.1
6786.05
6786.01
6785.96
6785.92
6785.87
6785.82
6785.77
6785.72
6785.67
6785.61
6785.56
 6785.5
6785.44
6785.38
6785.31
6785.24
6785.17
6785.09
6785.01
6784.93
6784.84
6784.74
6784.64
6784.54
6784.43
6784.31
6784.18
6784.05
 6783.9
6783.75
6783.59
6783.42
6783.24
6783.04
6782.84
6782.62
6782.39
6782.14
6781.88
 6781.6
 6781.3
6780.99
6780.65
 6780.3
6779.93
6779.53
6779.12
6778.68
6778.22
6777.73
6777.23
6776.69
6776.14
6775.56
6774.95
6774.33
6773.67
   6773
 6772.3
6771.58
6770.84
6770.09
6769.31
6768.51
 6767.7
6766.87
6766.03
6765.17
 6764.3
6763.42
6762.53
6761.63
6760.72
 6759.8
6758.88
6757.95
6757.02
6756.09
6755.15
6754.21
6753.27
6752.33
6751.39
6750.45
6749.52
6748.58
6747.65
6746.72
 6745.8
6744.88
6743.96
6743.05
6742.15
6741.25
6740.36
6739.47
6738.59
6737.72
6736.86
   6736
6735.15
6734.31
6733.48
6732.66
6731.84
6731.03
6730.23
6729.44
6728.66
6727.89
6727.13
6726.37
6725.63
6724.89
6724.16
6723.44
6722.73
6722.03
6721.34
6720.66
6719.99
6719.32
6718.67
6718.02
6717.38
6716.76
6716.14
6715.52
6714.92
6714.33
6713.75
6713.17
 6712.6
6712.04
6711.49
6710.95
6710.42
6709.89
6709.37
6708.86
6708.36
6707.87
6707.38
 6706.9
6706.43
6705.97
6705.51
6705.06
6704.62
6704.19
6703.76
6703.34
6702.93
6788.53
6788.47
 6788.4
6788.34
6788.27
6788.21
6788.15
6788.09
6788.02
6787.96
 6787.9
6787.85
6787.79
6787.73
6787.67
6787.62
6787.56
6787.51
6787.46
 6787.4
6787.35
 6787.3
6787.25
 6787.2
6787.15
6787.11
6787.06
6787.01
6786.97
6786.92
6786.88
6786.84
6786.79
6786.75
6786.71
6786.67
6786.62
6786.58
6786.54
 6786.5
6786.46
6786.42
6786.38
6786.34
 6786.3
6786.26
6786.22
6786.18
6786.14
 6786.1
6786.06
6786.01
6785.97
6785.92
6785.88
6785.83
6785.78
6785.73
6785.68
6785.62
6785.56
 6785.5
6785.44
6785.37
 6785.3
6785.23
6785.15
6785.07
6784.98
6784.89
6784.79
6784.68
6784.57
6784.45
6784.33
6784.19
6784.05
 6783.9
6783.73
6783.56
6783.37
6783.17
6782.96
6782.74
 6782.5
6782.24
6781.97
6781.68
6781.37
6781.04
 6780.7
6780.33
6779.94
6779.52
6779.09
6778.63
6778.14
6777.63
 6777.1
6776.54
6775.95
6775.34
6774.71
6774.05
6773.36
6772.66
6771.93
6771.18
 6770.4
6769.61
 6768.8
6767.97
6767.13
6766.27
6765.39
6764.51
6763.61
 6762.7
6761.78
6760.86
6759.93
6758.99
6758.04
 6757.1
6756.15
6755.19
6754.24
6753.28
6752.33
6751.37
6750.42
6749.47
6748.52
6747.58
6746.64
 6745.7
6744.77
6743.84
6742.92
   6742
 6741.1
6740.19
 6739.3
6738.41
6737.53
6736.66
6735.79
6734.94
6734.09
6733.25
6732.41
6731.59
6730.78
6729.97
6729.18
6728.39
6727.61
6726.84
6726.08
6725.33
6724.59
6723.86
6723.14
6722.42
6721.72
6721.03
6720.34
6719.66
   6719
6718.34
6717.69
6717.05
6716.42
 6715.8
6715.19
6714.58
6713.99
 6713.4
6712.83
6712.26
 6711.7
6711.15
 6710.6
6710.07
6709.54
6709.03
6708.52
6708.01
6707.52
6707.03
6706.56
6706.08
6705.62
6705.17
6704.72
6704.28
6703.85
6703.42
   6703
6702.59
6788.59
6788.52
6788.46
6788.39
6788.33
6788.26
 6788.2
6788.14
6788.08
6788.02
6787.96
 6787.9
6787.85
6787.79
6787.73
6787.68
6787.63
6787.57
6787.52
6787.47
6787.42
6787.37
6787.32
6787.27
6787.23
6787.18
6787.13
6787.09
6787.05
   6787
6786.96
6786.92
6786.88
6786.84
 6786.8
6786.76
6786.72
6786.68
6786.64
 6786.6
6786.57
6786.53
6786.49
6786.46
6786.42
6786.38
6786.34
6786.31
6786.27
6786.23
6786.19
6786.15
6786.11
6786.07
6786.03
6785.99
6785.94
 6785.9
6785.85
 6785.8
6785.75
6785.69
6785.63
6785.57
6785.51
6785.44
6785.37
6785.29
6785.21
6785.13
6785.04
6784.94
6784.83
6784.72
6784.61
6784.48
6784.34
 6784.2
6784.04
6783.88
 6783.7
6783.51
6783.31
6783.09
6782.86
6782.61
6782.34
6782.06
6781.76
6781.44
 6781.1
6780.73
6780.35
6779.94
 6779.5
6779.04
6778.56
6778.05
6777.51
6776.95
6776.36
6775.74
 6775.1
6774.43
6773.74
6773.02
6772.28
6771.51
6770.73
6769.92
6769.09
6768.25
6767.39
6766.51
6765.62
6764.72
 6763.8
6762.88
6761.94
   6761
6760.05
6759.09
6758.13
6757.17
 6756.2
6755.23
6754.26
6753.29
6752.32
6751.35
6750.38
6749.42
6748.46
 6747.5
6746.54
6745.59
6744.65
6743.71
6742.78
6741.85
6740.93
6740.02
6739.12
6738.22
6737.33
6736.45
6735.57
6734.71
6733.85
   6733
6732.17
6731.34
6730.52
 6729.7
 6728.9
6728.11
6727.33
6726.55
6725.79
6725.03
6724.29
6723.55
6722.83
6722.11
 6721.4
 6720.7
6720.02
6719.34
6718.67
6718.01
6717.36
6716.71
6716.08
6715.46
6714.85
6714.24
6713.64
6713.06
6712.48
6711.91
6711.35
 6710.8
6710.25
6709.72
6709.19
6708.67
6708.16
6707.66
6707.17
6706.68
6706.21
6705.74
6705.27
6704.82
6704.37
6703.93
 6703.5
6703.07
6702.66
6702.25
6788.64
6788.57
6788.51
6788.44
6788.38
6788.32
6788.26
6788.19
6788.13
6788.07
6788.02
6787.96
 6787.9
6787.85
6787.79
6787.74
6787.69
6787.63
6787.58
6787.53
6787.48
6787.43
6787.39
6787.34
6787.29
6787.25
6787.21
6787.16
6787.12
6787.08
6787.04
   6787
6786.96
6786.92
6786.88
6786.84
6786.81
6786.77
6786.74
 6786.7
6786.67
6786.63
 6786.6
6786.56
6786.53
 6786.5
6786.46
6786.43
 6786.4
6786.36
6786.33
6786.29
6786.26
6786.22
6786.18
6786.14
 6786.1
6786.06
6786.02
6785.97
6785.93
6785.88
6785.83
6785.77
6785.71
6785.65
6785.59
6785.52
6785.44
6785.36
6785.28
6785.19
6785.09
6784.99
6784.88
6784.76
6784.64
 6784.5
6784.35
 6784.2
6784.03
6783.85
6783.65
6783.44
6783.22
6782.98
6782.72
6782.45
6782.15
6781.84
 6781.5
6781.14
6780.76
6780.36
6779.93
6779.47
6778.99
6778.47
6777.93
6777.37
6776.77
6776.15
 6775.5
6774.82
6774.12
6773.39
6772.63
6771.85
6771.05
6770.23
6769.39
6768.53
6767.65
6766.76
6765.85
6764.93
6763.99
6763.05
 6762.1
6761.13
6760.17
6759.19
6758.21
6757.23
6756.25
6755.26
6754.28
6753.29
 6752.3
6751.32
6750.34
6749.36
6748.38
6747.41
6746.44
6745.48
6744.52
6743.57
6742.63
6741.69
6740.76
6739.84
6738.93
6738.02
6737.12
6736.23
6735.35
6734.47
6733.61
6732.76
6731.91
6731.07
6730.25
6729.43
6728.62
6727.82
6727.03
6726.25
6725.49
6724.73
6723.98
6723.24
6722.51
6721.79
6721.08
6720.37
6719.68
   6719
6718.33
6717.67
6717.01
6716.37
6715.74
6715.11
 6714.5
6713.89
6713.29
6712.71
6712.13
6711.56
6710.99
6710.44
 6709.9
6709.36
6708.84
6708.32
6707.81
6707.31
6706.81
6706.33
6705.85
6705.38
6704.92
6704.47
6704.02
6703.58
6703.15
6702.73
6702.31
 6701.9
6788.69
6788.62
6788.56
6788.49
6788.43
6788.37
6788.31
6788.25
6788.19
6788.13
6788.07
6788.01
6787.96
 6787.9
6787.85
6787.79
6787.74
6787.69
6787.64
6787.59
6787.54
 6787.5
6787.45
 6787.4
6787.36
6787.32
6787.27
6787.23
6787.19
6787.15
6787.11
6787.07
6787.04
   6787
6786.96
6786.93
6786.89
6786.86
6786.83
6786.79
6786.76
6786.73
 6786.7
6786.67
6786.64
6786.61
6786.58
6786.55
6786.52
6786.49
6786.45
6786.42
6786.39
6786.36
6786.33
6786.29
6786.26
6786.22
6786.18
6786.14
 6786.1
6786.06
6786.01
6785.96
6785.91
6785.86
 6785.8
6785.74
6785.67
 6785.6
6785.52
6785.44
6785.35
6785.26
6785.16
6785.05
6784.93
 6784.8
6784.66
6784.51
6784.36
6784.18
   6784
 6783.8
6783.58
6783.35
 6783.1
6782.84
6782.55
6782.24
6781.92
6781.56
6781.19
6780.79
6780.36
 6779.9
6779.42
6778.91
6778.37
 6777.8
 6777.2
6776.57
6775.91
6775.22
6774.51
6773.76
   6773
 6772.2
6771.39
6770.55
6769.69
6768.81
6767.91
   6767
6766.07
6765.13
6764.18
6763.22
6762.25
6761.27
6760.28
6759.29
6758.29
6757.29
6756.29
6755.29
6754.29
6753.28
6752.28
6751.28
6750.28
6749.29
 6748.3
6747.31
6746.33
6745.36
6744.39
6743.43
6742.47
6741.52
6740.58
6739.65
6738.73
6737.81
 6736.9
   6736
6735.11
6734.23
6733.36
 6732.5
6731.64
 6730.8
6729.97
6729.14
6728.33
6727.53
6726.73
6725.95
6725.18
6724.41
6723.66
6722.91
6722.18
6721.46
6720.74
6720.04
6719.35
6718.66
6717.99
6717.32
6716.67
6716.02
6715.39
6714.76
6714.14
6713.54
6712.94
6712.35
6711.77
 6711.2
6710.64
6710.08
6709.54
   6709
6708.48
6707.96
6707.45
6706.95
6706.45
6705.97
6705.49
6705.02
6704.56
6704.11
6703.67
6703.23
 6702.8
6702.37
6701.96
6701.55
6788.74
6788.67
 6788.6
6788.54
6788.48
6788.42
6788.36
6788.29
6788.24
6788.18
6788.12
6788.06
6788.01
6787.95
 6787.9
6787.85
 6787.8
6787.75
 6787.7
6787.65
 6787.6
6787.56
6787.51
6787.47
6787.42
6787.38
6787.34
 6787.3
6787.26
6787.22
6787.18
6787.15
6787.11
6787.08
6787.04
6787.01
6786.98
6786.95
6786.92
6786.88
6786.86
6786.83
 6786.8
6786.77
6786.74
6786.71
6786.69
6786.66
6786.63
6786.61
6786.58
6786.55
6786.52
 6786.5
6786.47
6786.44
6786.41
6786.38
6786.34
6786.31
6786.27
6786.24
 6786.2
6786.15
6786.11
6786.06
6786.01
6785.95
6785.89
6785.83
6785.76
6785.69
6785.61
6785.52
6785.43
6785.33
6785.22
 6785.1
6784.97
6784.83
6784.68
6784.52
6784.34
6784.15
6783.95
6783.73
6783.49
6783.23
6782.95
6782.65
6782.33
6781.99
6781.62
6781.22
 6780.8
6780.34
6779.86
6779.35
6778.81
6778.23
6777.63
6776.99
6776.33
6775.63
 6774.9
6774.15
6773.37
6772.56
6771.72
6770.87
6769.99
6769.09
6768.18
6767.25
 6766.3
6765.34
6764.37
6763.39
6762.39
 6761.4
6760.39
6759.38
6758.37
6757.35
6756.33
6755.31
6754.29
6753.27
6752.25
6751.24
6750.22
6749.21
6748.21
6747.21
6746.22
6745.23
6744.25
6743.27
6742.31
6741.35
 6740.4
6739.45
6738.52
6737.59
6736.68
6735.77
6734.87
6733.98
 6733.1
6732.23
6731.37
6730.52
6729.68
6728.85
6728.03
6727.22
6726.43
6725.64
6724.86
6724.09
6723.33
6722.59
6721.85
6721.12
 6720.4
 6719.7
   6719
6718.31
6717.64
6716.97
6716.31
6715.67
6715.03
 6714.4
6713.78
6713.17
6712.58
6711.99
6711.41
6710.83
6710.27
6709.72
6709.17
6708.64
6708.11
6707.59
6707.08
6706.58
6706.09
6705.61
6705.13
6704.66
 6704.2
6703.75
6703.31
6702.87
6702.44
6702.02
6701.61
 6701.2
6788.78
6788.72
6788.65
6788.59
6788.52
6788.46
 6788.4
6788.34
6788.28
6788.23
6788.17
6788.11
6788.06
   6788
6787.95
 6787.9
6787.85
 6787.8
6787.75
 6787.7
6787.66
6787.61
6787.57
6787.52
6787.48
6787.44
 6787.4
6787.36
6787.33
6787.29
6787.25
6787.22
6787.18
6787.15
6787.12
6787.09
6787.06
6787.03
   6787
6786.97
6786.94
6786.92
6786.89
6786.87
6786.84
6786.82
6786.79
6786.77
6786.75
6786.72
 6786.7
6786.68
6786.65
6786.63
6786.61
6786.58
6786.55
6786.53
 6786.5
6786.47
6786.44
6786.41
6786.37
6786.34
 6786.3
6786.26
6786.21
6786.17
6786.11
6786.06
   6786
6785.93
6785.86
6785.78
 6785.7
 6785.6
 6785.5
6785.39
6785.28
6785.15
6785.01
6784.86
6784.69
6784.51
6784.32
 6784.1
6783.88
6783.63
6783.36
6783.07
6782.76
6782.42
6782.05
6781.66
6781.24
 6780.8
6780.32
 6779.8
6779.26
6778.68
6778.07
6777.43
6776.75
6776.05
6775.31
6774.54
6773.74
6772.92
6772.07
6771.19
 6770.3
6769.38
6768.45
6767.49
6766.53
6765.55
6764.55
6763.55
6762.54
6761.52
 6760.5
6759.47
6758.43
 6757.4
6756.36
6755.32
6754.28
6753.25
6752.21
6751.18
6750.15
6749.13
6748.11
 6747.1
6746.09
6745.09
 6744.1
6743.11
6742.13
6741.16
 6740.2
6739.25
 6738.3
6737.37
6736.44
6735.52
6734.62
6733.72
6732.83
6731.96
6731.09
6730.23
6729.39
6728.55
6727.73
6726.91
6726.11
6725.32
6724.53
6723.76
   6723
6722.25
6721.51
6720.78
6720.06
6719.35
6718.65
6717.96
6717.28
6716.61
6715.95
6715.31
6714.67
6714.04
6713.42
6712.81
6712.21
6711.62
6711.04
6710.46
 6709.9
6709.35
 6708.8
6708.27
6707.74
6707.23
6706.72
6706.22
6705.72
6705.24
6704.77
 6704.3
6703.84
6703.39
6702.94
6702.51
6702.08
6701.66
6701.25
6700.84
6788.82
6788.76
 6788.7
6788.63
6788.57
6788.51
6788.45
6788.39
6788.33
6788.27
6788.22
6788.16
6788.11
6788.05
   6788
6787.95
 6787.9
6787.85
 6787.8
6787.76
6787.71
6787.67
6787.62
6787.58
6787.54
 6787.5
6787.46
6787.42
6787.39
6787.35
6787.32
6787.28
6787.25
6787.22
6787.19
6787.16
6787.13
6787.11
6787.08
6787.05
6787.03
6787.01
6786.98
6786.96
6786.94
6786.92
 6786.9
6786.88
6786.86
6786.84
6786.82
 6786.8
6786.78
6786.76
6786.74
6786.72
 6786.7
6786.67
6786.65
6786.63
 6786.6
6786.58
6786.55
6786.52
6786.49
6786.45
6786.41
6786.37
6786.33
6786.28
6786.23
6786.17
6786.11
6786.04
6785.96
6785.88
6785.79
6785.69
6785.58
6785.46
6785.33
6785.19
6785.03
6784.87
6784.68
6784.48
6784.26
6784.03
6783.77
6783.49
6783.18
6782.85
 6782.5
6782.11
 6781.7
6781.26
6780.78
6780.27
6779.72
6779.14
6778.53
6777.88
6777.19
6776.47
6775.72
6774.94
6774.12
6773.28
6772.41
6771.52
 6770.6
6769.67
6768.71
6767.74
6766.75
6765.75
6764.74
6763.71
6762.68
6761.64
6760.59
6759.55
6758.49
6757.44
6756.38
6755.32
6754.27
6753.22
6752.17
6751.12
6750.08
6749.04
   6748
6746.98
6745.96
6744.94
6743.94
6742.94
6741.95
6740.97
6739.99
6739.03
6738.08
6737.13
 6736.2
6735.27
6734.36
6733.45
6732.56
6731.67
 6730.8
6729.94
6729.09
6728.24
6727.41
 6726.6
6725.79
6724.99
 6724.2
6723.43
6722.66
6721.91
6721.16
6720.43
6719.71
6718.99
6718.29
 6717.6
6716.92
6716.25
6715.59
6714.94
 6714.3
6713.67
6713.05
6712.44
6711.84
6711.24
6710.66
6710.09
6709.53
6708.97
6708.43
 6707.9
6707.37
6706.85
6706.34
6705.84
6705.35
6704.87
 6704.4
6703.93
6703.47
6703.02
6702.58
6702.15
6701.72
 6701.3
6700.89
6700.49
6788.87
 6788.8
6788.74
6788.67
6788.61
6788.55
6788.49
6788.43
6788.37
6788.32
6788.26
 6788.2
6788.15
 6788.1
6788.05
   6788
6787.95
 6787.9
6787.85
6787.81
6787.76
6787.72
6787.68
6787.63
6787.59
6787.56
6787.52
6787.48
6787.45
6787.41
6787.38
6787.35
6787.32
6787.29
6787.26
6787.23
6787.21
6787.18
6787.16
6787.13
6787.11
6787.09
6787.07
6787.05
6787.03
6787.01
6786.99
6786.98
6786.96
6786.94
6786.93
6786.91
 6786.9
6786.88
6786.87
6786.85
6786.83
6786.82
 6786.8
6786.78
6786.76
6786.74
6786.72
6786.69
6786.67
6786.64
6786.61
6786.57
6786.54
 6786.5
6786.45
 6786.4
6786.35
6786.29
6786.22
6786.15
6786.07
6785.98
6785.88
6785.77
6785.65
6785.52
6785.38
6785.22
6785.05
6784.86
6784.65
6784.43
6784.18
6783.91
6783.61
6783.29
6782.95
6782.57
6782.16
6781.72
6781.25
6780.74
6780.19
6779.61
6778.99
6778.33
6777.64
6776.91
6776.14
6775.35
6774.51
6773.65
6772.77
6771.85
6770.92
6769.96
6768.98
6767.98
6766.97
6765.95
6764.91
6763.87
6762.81
6761.75
6760.69
6759.62
6758.54
6757.47
 6756.4
6755.32
6754.25
6753.18
6752.11
6751.05
6749.99
6748.93
6747.89
6746.84
6745.81
6744.78
6743.77
6742.75
6741.75
6740.76
6739.78
 6738.8
6737.84
6736.89
6735.94
6735.01
6734.09
6733.17
6732.27
6731.38
 6730.5
6729.63
6728.77
6727.93
6727.09
6726.27
6725.46
6724.65
6723.86
6723.08
6722.31
6721.55
6720.81
6720.07
6719.35
6718.63
6717.93
6717.23
6716.55
6715.88
6715.22
6714.56
6713.92
6713.29
6712.67
6712.06
6711.46
6710.87
6710.28
6709.71
6709.15
 6708.6
6708.05
6707.52
6706.99
6706.47
6705.97
6705.47
6704.98
6704.49
6704.02
6703.56
 6703.1
6702.65
6702.21
6701.78
6701.35
6700.94
6700.53
6700.12
6788.91
6788.84
6788.78
6788.71
6788.65
6788.59
6788.53
6788.47
6788.41
6788.36
 6788.3
6788.25
6788.19
6788.14
6788.09
6788.04
6787.99
6787.94
 6787.9
6787.85
6787.81
6787.77
6787.72
6787.68
6787.65
6787.61
6787.57
6787.54
 6787.5
6787.47
6787.44
6787.41
6787.38
6787.35
6787.33
 6787.3
6787.28
6787.25
6787.23
6787.21
6787.19
6787.17
6787.15
6787.13
6787.12
 6787.1
6787.09
6787.07
6787.06
6787.05
6787.04
6787.02
6787.01
   6787
6786.99
6786.98
6786.97
6786.95
6786.94
6786.93
6786.91
 6786.9
6786.88
6786.86
6786.84
6786.82
 6786.8
6786.77
6786.74
6786.71
6786.67
6786.63
6786.58
6786.53
6786.48
6786.41
6786.34
6786.26
6786.18
6786.08
6785.97
6785.85
6785.72
6785.57
6785.41
6785.24
6785.04
6784.83
6784.59
6784.33
6784.05
6783.74
 6783.4
6783.04
6782.64
 6782.2
6781.73
6781.22
6780.68
6780.09
6779.47
 6778.8
 6778.1
6777.36
6776.58
6775.76
6774.91
6774.03
6773.12
6772.19
6771.23
6770.25
6769.24
6768.23
6767.19
6766.15
6765.09
6764.02
6762.94
6761.86
6760.77
6759.68
6758.59
 6757.5
 6756.4
6755.31
6754.22
6753.13
6752.04
6750.96
6749.89
6748.82
6747.76
 6746.7
6745.66
6744.62
6743.58
6742.56
6741.55
6740.54
6739.55
6738.57
6737.59
6736.63
6735.68
6734.74
6733.81
6732.89
6731.98
6731.08
6730.19
6729.32
6728.46
 6727.6
6726.76
6725.93
6725.12
6724.31
6723.51
6722.73
6721.96
 6721.2
6720.45
6719.71
6718.98
6718.26
6717.56
6716.86
6716.18
 6715.5
6714.84
6714.19
6713.54
6712.91
6712.29
6711.68
6711.07
6710.48
 6709.9
6709.33
6708.77
6708.21
6707.67
6707.13
6706.61
6706.09
6705.59
6705.09
 6704.6
6704.12
6703.64
6703.18
6702.72
6702.28
6701.84
6701.41
6700.98
6700.57
6700.16
6699.76
6788.95
6788.88
6788.82
6788.75
6788.69
6788.63
6788.57
6788.51
6788.45
 6788.4
6788.34
6788.29
6788.23
6788.18
6788.13
6788.08
6788.03
6787.99
6787.94
 6787.9
6787.85
6787.81
6787.77
6787.73
6787.69
6787.66
6787.62
6787.59
6787.56
6787.52
6787.49
6787.47
6787.44
6787.41
6787.39
6787.36
6787.34
6787.32
 6787.3
6787.28
6787.26
6787.25
6787.23
6787.22
 6787.2
6787.19
6787.18
6787.17
6787.16
6787.15
6787.14
6787.13
6787.12
6787.11
6787.11
 6787.1
6787.09
6787.08
6787.08
6787.07
6787.06
6787.05
6787.04
6787.03
6787.01
   6787
6786.98
6786.96
6786.94
6786.92
6786.89
6786.85
6786.82
6786.77
6786.73
6786.67
6786.61
6786.54
6786.47
6786.38
6786.28
6786.18
6786.06
6785.92
6785.78
6785.61
6785.43
6785.23
   6785
6784.76
6784.49
6784.19
6783.86
6783.51
6783.12
6782.69
6782.22
6781.72
6781.17
6780.59
6779.96
6779.28
6778.57
6777.81
6777.02
6776.18
6775.31
6774.41
6773.48
6772.52
6771.54
6770.53
6769.51
6768.47
6767.41
6766.34
6765.25
6764.16
6763.06
6761.96
6760.85
6759.74
6758.63
6757.51
 6756.4
6755.29
6754.18
6753.07
6751.97
6750.87
6749.78
 6748.7
6747.62
6746.55
6745.49
6744.44
6743.39
6742.36
6741.33
6740.32
6739.31
6738.32
6737.34
6736.37
 6735.4
6734.45
6733.52
6732.59
6731.67
6730.77
6729.88
   6729
6728.13
6727.27
6726.42
6725.59
6724.77
6723.96
6723.16
6722.37
6721.59
6720.83
6720.08
6719.34
6718.61
6717.89
6717.18
6716.48
6715.79
6715.12
6714.45
 6713.8
6713.16
6712.52
 6711.9
6711.29
6710.69
6710.09
6709.51
6708.94
6708.38
6707.82
6707.28
6706.75
6706.22
6705.71
 6705.2
 6704.7
6704.21
6703.73
6703.26
 6702.8
6702.35
 6701.9
6701.46
6701.03
6700.61
 6700.2
6699.79
6699.39
6788.98
6788.92
6788.85
6788.79
6788.73
6788.67
6788.61
6788.55
6788.49
6788.43
6788.38
6788.32
6788.27
6788.22
6788.17
6788.12
6788.07
6788.03
6787.98
6787.94
 6787.9
6787.85
6787.81
6787.78
6787.74
 6787.7
6787.67
6787.64
6787.61
6787.58
6787.55
6787.52
6787.49
6787.47
6787.45
6787.42
 6787.4
6787.38
6787.36
6787.35
6787.33
6787.32
 6787.3
6787.29
6787.28
6787.27
6787.26
6787.25
6787.25
6787.24
6787.24
6787.23
6787.23
6787.22
6787.22
6787.22
6787.21
6787.21
6787.21
 6787.2
 6787.2
 6787.2
6787.19
6787.19
6787.18
6787.17
6787.16
6787.15
6787.13
6787.12
6787.09
6787.07
6787.04
6787.01
6786.97
6786.93
6786.88
6786.82
6786.75
6786.68
6786.59
 6786.5
6786.39
6786.27
6786.14
6785.98
6785.82
6785.63
6785.42
6785.19
6784.93
6784.64
6784.33
6783.98
 6783.6
6783.18
6782.72
6782.22
6781.68
6781.09
6780.46
6779.77
6779.05
6778.28
6777.46
6776.61
6775.72
 6774.8
6773.84
6772.86
6771.85
6770.82
6769.77
 6768.7
6767.62
6766.52
6765.42
 6764.3
6763.18
6762.05
6760.92
6759.79
6758.65
6757.52
6756.38
6755.25
6754.12
   6753
6751.88
6750.77
6749.66
6748.56
6747.47
6746.39
6745.31
6744.25
6743.19
6742.14
6741.11
6740.08
6739.07
6738.06
6737.07
6736.09
6735.12
6734.16
6733.22
6732.28
6731.36
6730.45
6729.55
6728.66
6727.79
6726.93
6726.08
6725.24
6724.41
 6723.6
6722.79
   6722
6721.22
6720.46
 6719.7
6718.96
6718.22
 6717.5
6716.79
6716.09
6715.41
6714.73
6714.06
6713.41
6712.76
6712.13
6711.51
 6710.9
6710.29
 6709.7
6709.12
6708.55
6707.98
6707.43
6706.89
6706.35
6705.83
6705.32
6704.81
6704.31
6703.83
6703.35
6702.88
6702.42
6701.96
6701.52
6701.08
6700.66
6700.24
6699.82
6699.42
6699.02
6789.02
6788.95
6788.89
6788.82
6788.76
 6788.7
6788.64
6788.58
6788.52
6788.47
6788.41
6788.36
6788.31
6788.26
6788.21
6788.16
6788.11
6788.06
6788.02
6787.98
6787.93
6787.89
6787.86
6787.82
6787.78
6787.75
6787.71
6787.68
6787.65
6787.62
 6787.6
6787.57
6787.54
6787.52
 6787.5
6787.48
6787.46
6787.44
6787.43
6787.41
 6787.4
6787.39
6787.37
6787.36
6787.36
6787.35
6787.34
6787.34
6787.33
6787.33
6787.33
6787.33
6787.33
6787.33
6787.33
6787.33
6787.33
6787.33
6787.33
6787.33
6787.34
6787.34
6787.34
6787.34
6787.34
6787.34
6787.33
6787.33
6787.32
6787.31
 6787.3
6787.28
6787.26
6787.24
6787.21
6787.17
6787.13
6787.09
6787.03
6786.97
 6786.9
6786.81
6786.72
6786.61
6786.49
6786.35
 6786.2
6786.03
6785.83
6785.61
6785.37
 6785.1
 6784.8
6784.47
 6784.1
6783.69
6783.24
6782.74
 6782.2
6781.61
6780.97
6780.28
6779.54
6778.75
6777.92
6777.05
6776.14
6775.19
6774.21
 6773.2
6772.16
 6771.1
6770.03
6768.93
6767.82
 6766.7
6765.57
6764.43
6763.28
6762.13
6760.98
6759.82
6758.67
6757.51
6756.36
6755.21
6754.06
6752.92
6751.78
6750.65
6749.53
6748.42
6747.31
6746.21
6745.12
6744.04
6742.98
6741.92
6740.87
6739.83
6738.81
 6737.8
6736.79
 6735.8
6734.83
6733.86
6732.91
6731.97
6731.04
6730.12
6729.21
6728.32
6727.44
6726.58
6725.72
6724.88
6724.05
6723.23
6722.42
6721.63
6720.85
6720.08
6719.32
6718.57
6717.84
6717.11
 6716.4
 6715.7
6715.01
6714.34
6713.67
6713.01
6712.37
6711.73
6711.11
 6710.5
6709.89
 6709.3
6708.72
6708.15
6707.59
6707.03
6706.49
6705.96
6705.43
6704.92
6704.42
6703.92
6703.43
6702.96
6702.49
6702.03
6701.58
6701.14
 6700.7
6700.27
6699.86
6699.45
6699.04
6698.65
6789.05
6788.98
6788.92
6788.86
6788.79
6788.73
6788.67
6788.62
6788.56
 6788.5
6788.45
6788.39
6788.34
6788.29
6788.24
6788.19
6788.14
 6788.1
6788.06
6788.01
6787.97
6787.93
6787.89
6787.86
6787.82
6787.79
6787.76
6787.72
6787.69
6787.67
6787.64
6787.62
6787.59
6787.57
6787.55
6787.53
6787.51
 6787.5
6787.48
6787.47
6787.46
6787.45
6787.44
6787.43
6787.43
6787.42
6787.42
6787.42
6787.41
6787.41
6787.42
6787.42
6787.42
6787.42
6787.43
6787.43
6787.44
6787.45
6787.45
6787.46
6787.47
6787.47
6787.48
6787.48
6787.49
6787.49
 6787.5
 6787.5
 6787.5
 6787.5
6787.49
6787.48
6787.47
6787.46
6787.44
6787.41
6787.39
6787.35
6787.31
6787.25
6787.19
6787.12
6787.04
6786.95
6786.84
6786.72
6786.58
6786.42
6786.24
6786.04
6785.81
6785.56
6785.27
6784.95
 6784.6
 6784.2
6783.76
6783.27
6782.73
6782.14
6781.49
6780.79
6780.04
6779.24
6778.39
6777.49
6776.55
6775.58
6774.57
6773.53
6772.47
6771.38
6770.28
6769.16
6768.02
6766.87
6765.72
6764.55
6763.38
6762.21
6761.03
6759.85
6758.67
 6757.5
6756.32
6755.15
6753.99
6752.83
6751.67
6750.53
6749.39
6748.26
6747.14
6746.02
6744.92
6743.83
6742.75
6741.68
6740.62
6739.58
6738.54
6737.52
6736.51
6735.51
6734.52
6733.55
6732.59
6731.64
 6730.7
6729.78
6728.87
6727.97
6727.09
6726.22
6725.36
6724.51
6723.68
6722.85
6722.04
6721.25
6720.46
6719.69
6718.93
6718.18
6717.44
6716.72
   6716
 6715.3
6714.61
6713.93
6713.27
6712.61
6711.96
6711.33
6710.71
6710.09
6709.49
 6708.9
6708.32
6707.74
6707.18
6706.63
6706.09
6705.56
6705.04
6704.52
6704.02
6703.52
6703.04
6702.56
 6702.1
6701.64
6701.19
6700.75
6700.32
6699.89
6699.47
6699.07
6698.67
6698.27
6789.08
6789.02
6788.95
6788.89
6788.83
6788.76
 6788.7
6788.65
6788.59
6788.53
6788.48
6788.42
6788.37
6788.32
6788.27
6788.22
6788.18
6788.13
6788.09
6788.05
6788.01
6787.97
6787.93
6787.89
6787.86
6787.82
6787.79
6787.76
6787.73
6787.71
6787.68
6787.66
6787.64
6787.62
 6787.6
6787.58
6787.56
6787.55
6787.54
6787.53
6787.52
6787.51
 6787.5
 6787.5
6787.49
6787.49
6787.49
6787.49
6787.49
6787.49
 6787.5
 6787.5
6787.51
6787.52
6787.52
6787.53
6787.54
6787.55
6787.57
6787.58
6787.59
 6787.6
6787.61
6787.62
6787.63
6787.65
6787.65
6787.66
6787.67
6787.68
6787.68
6787.68
6787.68
6787.67
6787.66
6787.65
6787.63
 6787.6
6787.57
6787.53
6787.48
6787.43
6787.36
6787.28
6787.19
6787.08
6786.95
6786.81
6786.65
6786.46
6786.25
6786.01
6785.75
6785.44
 6785.1
6784.72
6784.29
6783.81
6783.27
6782.68
6782.03
6781.32
6780.56
6779.74
6778.86
6777.94
6776.98
6775.97
6774.93
6773.87
6772.77
6771.66
6770.52
6769.37
6768.21
6767.03
6765.85
6764.66
6763.46
6762.27
6761.06
6759.86
6758.66
6757.47
6756.27
6755.08
 6753.9
6752.72
6751.55
6750.39
6749.23
6748.09
6746.95
6745.82
6744.71
6743.61
6742.51
6741.43
6740.36
 6739.3
6738.26
6737.23
6736.21
 6735.2
6734.21
6733.23
6732.26
 6731.3
6730.36
6729.43
6728.52
6727.61
6726.72
6725.85
6724.98
6724.13
6723.29
6722.47
6721.66
6720.86
6720.07
6719.29
6718.53
6717.78
6717.04
6716.32
 6715.6
 6714.9
6714.21
6713.53
6712.86
 6712.2
6711.56
6710.92
 6710.3
6709.68
6709.08
6708.49
6707.91
6707.34
6706.77
6706.22
6705.68
6705.15
6704.63
6704.12
6703.62
6703.12
6702.64
6702.17
 6701.7
6701.24
 6700.8
6700.36
6699.93
 6699.5
6699.09
6698.68
6698.29
 6697.9
